0.5109 & 0.1823 & 0.1223 & 0.0906 & 0.0702 & 0.056  & 0.0454 & 0.0374 & 0.0311 & 0.026
0.1823 & 0.3555 & 0.1823 & 0.1223 & 0.0906 & 0.0702 & 0.056  & 0.0454 & 0.0374 & 0.0311
0.1223 & 0.1823 & 0.3564 & 0.1823 & 0.1223 & 0.0906 & 0.0702 & 0.056  & 0.0454 & 0.0374
0.0906 & 0.1223 & 0.1823 & 0.3568 & 0.1823 & 0.1223 & 0.0906 & 0.0702 & 0.056  & 0.0454
0.0702 & 0.0906 & 0.1223 & 0.1823 & 0.357  & 0.1823 & 0.1223 & 0.0906 & 0.0702 & 0.056
0.056  & 0.0702 & 0.0906 & 0.1223 & 0.1823 & 0.357  & 0.1823 & 0.1223 & 0.0906 & 0.0702
0.0454 & 0.056  & 0.0702 & 0.0906 & 0.1223 & 0.1823 & 0.3568 & 0.1823 & 0.1223 & 0.0906
0.0374 & 0.0454 & 0.056  & 0.0702 & 0.0906 & 0.1223 & 0.1823 & 0.3564 & 0.1823 & 0.1223
0.0311 & 0.0374 & 0.0454 & 0.056  & 0.0702 & 0.0906 & 0.1223 & 0.1823 & 0.3555 & 0.1823
0.026  & 0.0311 & 0.0374 & 0.0454 & 0.056  & 0.0702 & 0.0906 & 0.1223 & 0.1823 & 0.5109